1 18 4 100 2
2 12 3 44 1 6
3 17 2 7 64 57 55 75
4 5 9 1 88 35 49 62
5 4 14
6 8 11 2
7 3 89
8 27 19 6 87 23 56
9 4 42 40 16
10 37 10 51
11 48 6
12 13 2 66 33 45 58
13 12 67 30 34
14 46 5 15 69 24
15 14 41 43
16 20 9
17 3
18 1 47 21
19 8 32 99
20 16 98 83 53
21 18
22 77 22
23 25 8
24 31 59 54 14
25 23 28 38
26 26
27 8 29
28 25
29 27 76 50
30 13 70
31 24
32 39 19
33 63 12 36
34 13
35 68 4 86
36 74 33
37 10
38 25
39 32
40 91 85 9
41 73 15
42 9 52 61
43 80 15
44 2
45 12
46 14
47 18
48 11
49 60 4
50 29
51 10
52 42
53 20 93
54 65 24
55 3
56 78 8
57 3
58 12
59 24 96 81
60 49
61 92 79 42
62 4
63 33 84
64 3
65 54 94
66 12
67 90 13
68 71 35
69 14
70 72 30
71 68
72 70
73 41 97
74 36
75 3
76 29
77 22
78 56
79 82 61
80 43
81 59
82 79
83 20
84 63
85 40
86 35
87 8
88 4
89 7
90 67
91 40
92 61
93 95 53
94 65
95 93
96 59
97 73
98 20
99 19
