1 30 89 4 40 2 50 110 41
2 27 6 1 20 44 3
3 9 16 21 46 2 5
4 1 11
5 18 7 8 28 3 97
6 17 2 13 36 53
7 5 29
8 5
9 10 3 71 12 22
10 9 14
11 124 63 4
12 74 9 34
13 98 6 96 24 25 23
14 10 15
15 57 14
16 3 38 39
17 6 101
18 5 73 19
19 18 59 123
20 75 54 2
21 3
22 94 9 86
23 35 66 33 13
24 58 52 26 13
25 31 90 13
26 68 24 42 49
27 2 91 64 99
28 5
29 7 45
30 1 37 121 93
31 25 32
32 31 87
33 23 48
34 61 95 12
35 82 60 23
36 103 69 6
37 30
38 16 43
39 16
40 1
41 47 1
42 26
43 38
44 2
45 84 29 56
46 3 116
47 41
48 77 102 33
49 72 26 51
50 105 1
51 111 65 55 49
52 24 79 88
53 62 6
54 20 83
55 51
56 45
57 15
58 24 125
59 78 19
60 35 67
61 34
62 53 81 70
63 11
64 27
65 51
66 23
67 60
68 26 92 109
69 114 36 104
70 85 62
71 9 76 118
72 49
73 18 117
74 12 80
75 20
76 71
77 48
78 59
79 52
80 74
81 62
82 35
83 54
84 45
85 70
86 22
87 120 32
88 52
89 1
90 25
91 27 106
92 68
93 113 30
94 22
95 34 107
96 13
97 5
98 13
99 100 27
100 99
101 108 17 119 115 112
102 48
103 36
104 122 69
105 50
106 91
107 95
108 101
109 68
110 1
111 51
112 101
113 93
114 69
115 101
116 46
117 73
118 71
119 101
120 87
121 30
122 104
123 19
124 11
125 58
