1
2 3 7 59 2
3 6 2 13 73 8 37 10
4 4 5
5 4 35
6 3 11
7 2 42
8 9 72 3
9 8 14
10 22 43 3
11 6 20 53 12 52 27
12 11 51
13 3 30 16 17
14 50 18 58 9 33
15 19 75 26 15
16 45 57 21 13 29
17 74 13
18 14 44 32
19 15 36
20 11 55 49
21 23 16
22 10 24
23 68 21
24 25 66 46 22 34 28
25 38 24
26 15 31
27 65 11
28 24
29 16
30 13 41
31 26
32 47 39 18
33 14
34 40 24
35 63 56 5
36 19
37 3
38 25
39 32 62
40 54 34
41 30
42 48 7
43 10
44 18
45 16
46 24
47 32
48 70 42
49 20
50 14
51 12
52 11
53 11
54 40 69
55 20
56 60 35
57 16
58 14
59 2
60 56 61
61 60
62 39
63 35
64 64
65 27
66 24
67 67 71
68 23
69 54
70 48
71 67
72 8
73 3
74 17
